[[   0    0    0    0    0    0    0    0    0    0    0    0    0    0
     0]
 [   0    0    0    0    0    0    0    0    0    0    0    0    0    0
     0]
 [   0    0    0    0    0    0    0    0    0    0    0    0    0    0
     0]
 [   0    0    0    0    0    0    0    0    0    0    0    0    0    0
     0]
 [   0    0    0    0    0    0    0    0    0    0    0    0    0    0
     0]
 [   0    0    0    0    0    0    0    0    0    0    0    0    0    0
     0]
 [   0    0    0    0    0    0    0    0    0    0    0    0    0    0
     0]
 [   0    0    0    0    0    0    0    0    0    0    0    0    0    0
     0]
 [   0    0    0    0    0    0    0    0    0    0    0    0    0    0
     0]
 [   0    0    0    0    0    0    0    0    0    0    0    0    0    0
     0]
 [   0    0    0    0    0    0    0    0    0    0    0    0    0    0
     0]
 [   0    0    0    0    0    0    0    0    0    0    0    0    0    0
     0]
 [   0    0    0    0    0    0    0    0    0    0    0    0    0    0
     0]
 [   0    0    0    0    0    0    0    0    0    0    0    0    0    0
     0]
 [   0    0    0    0    0  115    0    0  377    0    0   10    0    8
  9745]]