[[    0     0     0     0     0     0     0     0     0     0     0     0
      0     0     0]
 [    0     0     0     0     0     0     0     0     0     0     0     0
      0     0     0]
 [    0     0     0     0     0     0     0     0     0     0     0     0
      0     0     0]
 [    0     0     0 15897     0     0     0     0     0     0     0     0
      0     0     0]
 [    0     0     0     0     0     0     0     0     0     0     0     0
      0     0     0]
 [    0     0     0     0     0     0     0     0     0     0     0     0
      0     0     0]
 [    0     0     0     0     0     0     0     0     0     0     0     0
      0     0     0]
 [    0     0     0     0     0     0     0     0     0     0     0     0
      0     0     0]
 [    0     0     0     0     0     0     0     0     0     0     0     0
      0     0     0]
 [    0     0     0     0     0     0     0     0     0     0     0     0
      0     0     0]
 [    0     0     0     0     0     0     0     0     0     0     0     0
      0     0     0]
 [    0     0     0     0     0     0     0     0     0     0     0     0
      0     0     0]
 [    0     0     0     0     0     0     0     0     0     0     0     0
      0     0     0]
 [    0     0     0     0     0     0     0     0     0     0     0     0
      0     0     0]
 [    0     0     0     0     0     0     0     0     0     0     0     0
      0     0     0]]