              precision    recall  f1-score   support

         1.0       0.00      0.00      0.00         0
         2.0       0.00      0.00      0.00         0
         3.0       0.00      0.00      0.00         0
         4.0       0.00      0.00      0.00         0
         5.0       0.00      0.00      0.00         0
         6.0       0.00      0.00      0.00         0
         7.0       0.00      0.00      0.00         0
         8.0       0.00      0.00      0.00         0
         9.0       0.00      0.00      0.00         0
        10.0       1.00      0.91      0.95     19310
        11.0       0.00      0.00      0.00         0
        12.0       0.00      0.00      0.00         0
        13.0       0.00      0.00      0.00         0
        15.0       0.00      0.00      0.00         0

    accuracy                           0.91     19310
   macro avg       0.07      0.06      0.07     19310
weighted avg       1.00      0.91      0.95     19310
