              precision    recall  f1-score   support

         1.0       0.00      0.00      0.00         0
         3.0       0.00      0.00      0.00         0
         4.0       0.00      0.00      0.00         0
         5.0       0.00      0.00      0.00         0
         6.0       0.00      0.00      0.00         0
         7.0       0.00      0.00      0.00         0
         9.0       0.00      0.00      0.00         0
        10.0       0.00      0.00      0.00         0
        11.0       0.00      0.00      0.00         0
        12.0       0.00      0.00      0.00         0
        13.0       1.00      0.97      0.98     20532
        14.0       0.00      0.00      0.00         0

    accuracy                           0.97     20532
   macro avg       0.08      0.08      0.08     20532
weighted avg       1.00      0.97      0.98     20532
