              precision    recall  f1-score   support

         1.0       0.00      0.00      0.00         0
         2.0       0.00      0.00      0.00         0
         3.0       0.00      0.00      0.00         0
         4.0       0.00      0.00      0.00         0
         5.0       0.00      0.00      0.00         0
         6.0       0.00      0.00      0.00         0
         7.0       1.00      0.88      0.94     13934
         8.0       0.00      0.00      0.00         0
         9.0       0.00      0.00      0.00         0
        10.0       0.00      0.00      0.00         0
        11.0       0.00      0.00      0.00         0
        12.0       0.00      0.00      0.00         0
        13.0       0.00      0.00      0.00         0
        14.0       0.00      0.00      0.00         0
        15.0       0.00      0.00      0.00         0

    accuracy                           0.88     13934
   macro avg       0.07      0.06      0.06     13934
weighted avg       1.00      0.88      0.94     13934
