[[    0     0     0     0     0     0     0     0     0     0     0     0
      0     0     0]
 [    0     0     0     0     0     0     0     0     0     0     0     0
      0     0     0]
 [  482     5 15427    29     2     2     3    16     0   620    23   144
    409     1     3]
 [    0     0     0     0     0     0     0     0     0     0     0     0
      0     0     0]
 [    0     0     0     0     0     0     0     0     0     0     0     0
      0     0     0]
 [    0     0     0     0     0     0     0     0     0     0     0     0
      0     0     0]
 [    0     0     0     0     0     0     0     0     0     0     0     0
      0     0     0]
 [    0     0     0     0     0     0     0     0     0     0     0     0
      0     0     0]
 [    0     0     0     0     0     0     0     0     0     0     0     0
      0     0     0]
 [    0     0     0     0     0     0     0     0     0     0     0     0
      0     0     0]
 [    0     0     0     0     0     0     0     0     0     0     0     0
      0     0     0]
 [    0     0     0     0     0     0     0     0     0     0     0     0
      0     0     0]
 [    0     0     0     0     0     0     0     0     0     0     0     0
      0     0     0]
 [    0     0     0     0     0     0     0     0     0     0     0     0
      0     0     0]
 [    0     0     0     0     0     0     0     0     0     0     0     0
      0     0     0]]