              precision    recall  f1-score   support

         1.0       0.00      0.00      0.00         0
         2.0       0.00      0.00      0.00         0
         4.0       1.00      1.00      1.00     15897
         5.0       0.00      0.00      0.00         0
         6.0       0.00      0.00      0.00         0
         7.0       0.00      0.00      0.00         0
        10.0       0.00      0.00      0.00         0
        15.0       0.00      0.00      0.00         0

    accuracy                           1.00     15897
   macro avg       0.12      0.12      0.12     15897
weighted avg       1.00      1.00      1.00     15897
