[[    0     0     0     0     0     0     0     0     0     0     0     0
      0     0     0]
 [    0     0     0     0     0     0     0     0     0     0     0     0
      0     0     0]
 [  816   185 15269     9    34     9    27    47     1   269   149   171
    157     8    15]
 [    0     0     0     0     0     0     0     0     0     0     0     0
      0     0     0]
 [    0     0     0     0     0     0     0     0     0     0     0     0
      0     0     0]
 [    0     0     0     0     0     0     0     0     0     0     0     0
      0     0     0]
 [    0     0     0     0     0     0     0     0     0     0     0     0
      0     0     0]
 [    0     0     0     0     0     0     0     0     0     0     0     0
      0     0     0]
 [    0     0     0     0     0     0     0     0     0     0     0     0
      0     0     0]
 [    0     0     0     0     0     0     0     0     0     0     0     0
      0     0     0]
 [    0     0     0     0     0     0     0     0     0     0     0     0
      0     0     0]
 [    0     0     0     0     0     0     0     0     0     0     0     0
      0     0     0]
 [    0     0     0     0     0     0     0     0     0     0     0     0
      0     0     0]
 [    0     0     0     0     0     0     0     0     0     0     0     0
      0     0     0]
 [    0     0     0     0     0     0     0     0     0     0     0     0
      0     0     0]]