[[    0     0     0     0     0     0     0     0     0     0     0     0
      0     0     0]
 [    0     0     0     0     0     0     0     0     0     0     0     0
      0     0     0]
 [    0     0     0     0     0     0     0     0     0     0     0     0
      0     0     0]
 [    0     0     0     0     0     0     0     0     0     0     0     0
      0     0     0]
 [    0     0     0     0     0     0     0     0     0     0     0     0
      0     0     0]
 [    0     0     0     0     0     0     0     0     0     0     0     0
      0     0     0]
 [    0     0     0     0     0     0     0     0     0     0     0     0
      0     0     0]
 [    0     0     0     0     0     0     0     0     0     0     0     0
      0     0     0]
 [    0     0     0     0     0     0     0     0     0     0     0     0
      0     0     0]
 [    0     0     0     0     0     0     0     0     0     0     0     0
      0     0     0]
 [  808   160   507    26   168    35    73   139    15   580 16715   137
    251    15     9]
 [    0     0     0     0     0     0     0     0     0     0     0     0
      0     0     0]
 [    0     0     0     0     0     0     0     0     0     0     0     0
      0     0     0]
 [    0     0     0     0     0     0     0     0     0     0     0     0
      0     0     0]
 [    0     0     0     0     0     0     0     0     0     0     0     0
      0     0     0]]